1769792758538 0.560144520521242 0
1769792782230 0.563217120650576 0
1769792799843 0.5555517197148555 0
1769792823055 0.5628305885820738 0
1769792835509 0.5542058971351541 0
1769792851114 0.5539015487916648 0
1769792870181 0.5571671204045395 0
1769792889961 0.5513248426193132 0
1769792903308 0.5578063667904523 0
1769792914779 0.5577739947500994 0
1769792941048 0.5606423621820567 0
1769792969738 0.5666683529779768 0
1769792994848 0.5675652476604999 0
1769793018401 0.5679233265380654 0
1769793033910 0.5605705162696909 0
1769793055013 0.5622042280253338 0
1769793079587 0.5612523247236453 0
1769793105976 0.5659181944903297 0
1769793129097 0.5650559650630325 0
1769793153794 0.5612837060951731 0
1769793174729 0.5639458248390786 0
1769793200566 0.5673798529588993 0
1769793229400 0.5617370665218991 0
1769793251337 0.5662598091043142 0
1769793272803 0.5650892656006072 0
1769793298951 0.5624738224426221 0
1769793317387 0.5595930451509792 0
1769793339900 0.5629805362969785 0
1769793363505 0.5663924190955729 0
1769793381229 0.5580293620623161 0
1769793406796 0.5663112127896992 0
1769793433669 0.5681768052604336 0
1769793456912 0.5686414289394087 0
1769793479324 0.5635931915824313 0
1769793507477 0.5677359056537238 0
1769793529894 0.5646943729802816 0
1769793557908 0.5611991894062295 0
1769793581871 0.563078811255953 0
1769793599701 0.556880991398414 0
1769793627017 0.5619300696008448 0
1769793647270 0.5626762592979518 0
1769793674137 0.5673367853643789 0
1769793702509 0.5647414582872593 0
1769793729851 0.5634134718232362 0
1769793757294 0.5642972595087523 0
1769793775123 0.5652746908784062 0
1769793796605 0.56292829176614 0
1769793823632 0.5639046927179111 0
1769793844751 0.5615228221579903 0
1769793871325 0.5646824401092895 0
1769793897895 0.5686414289394087 0
