1769798868094 0.560144520521242 0
1769798905332 0.563217120650576 0
1769798936237 0.5555517197148555 0
1769798973304 0.5628305885820738 0
1769799000852 0.5542058971351541 0
1769799025972 0.5539015487916648 0
1769799058564 0.5571671204045395 0
1769799086044 0.5513248426193132 0
1769799117802 0.5578063667904523 0
1769799152174 0.5577739947500994 0
1769799204945 0.5606423621820567 0
1769799310285 0.5666683529779768 0
1769799436121 0.5675652476604999 0
1769799501344 0.5679233265380654 0
1769799545914 0.5605705162696909 0
1769799580914 0.5622042280253338 0
1769799626887 0.5612523247236453 0
1769799671000 0.5659181944903297 0
1769799707017 0.5650559650630325 0
1769799736968 0.5612837060951731 0
1769799767922 0.5639458248390786 0
1769799796224 0.5673798529588993 0
1769799827771 0.5617370665218991 0
1769799860126 0.5662598091043142 0
1769799891421 0.5650892656006072 0
1769799921599 0.5624738224426221 0
1769799942790 0.5595930451509792 0
1769799971071 0.5629805362969785 0
1769799996607 0.5663924190955729 0
1769800019963 0.5580293620623161 0
1769800049701 0.5663112127896992 0
1769800075506 0.5681768052604336 0
1769800104424 0.5686414289394087 0
1769800127258 0.5635931915824313 0
1769800153193 0.5677359056537238 0
1769800180924 0.5646943729802816 0
1769800208241 0.5611991894062295 0
1769800245135 0.563078811255953 0
1769800261242 0.556880991398414 0
1769800288450 0.5619300696008448 0
1769800310399 0.5626762592979518 0
1769800332377 0.5673367853643789 0
1769800353771 0.5647414582872593 0
1769800380096 0.5634134718232362 0
1769800399838 0.5642972595087523 0
1769800422663 0.5652746908784062 0
1769800445767 0.56292829176614 0
1769800467935 0.5639046927179111 0
1769800484488 0.5615228221579903 0
1769800511559 0.5646824401092895 0
